0 0.9789400237529692 0.20336377213460716 0.9435879708177809 0.20153260171469953 0.9425127248048863 0.24837271772705516 0.9778647777400746 0.25020388814696276
0 1.0006286280617303 0.3704476237467941 0.9647911652272408 0.3416084637404988 0.9380691632450802 0.416537110214082 0.9739066260795697 0.44537627022037724
0 0.9557850070721358 0.44260718990353975 0.9444872701555869 0.4218650405813113 0.915548090523338 0.4574321166022181 0.9268458274398869 0.4781742659244465
0 0.9134492867894775 0.26500778475738057 0.8583203354598238 0.2489524494529137 0.8493160705325784 0.31871668866784836 0.9044450218622321 0.33477202397231526
0 0.7238571428571428 0.3222103004291846 0.7119428571428571 0.19693133047210304 0.6617428571428571 0.20770386266094426 0.6736571428571427 0.3329828326180258
0 0.9191591765001256 0.7070119628593198 0.9010984810444388 0.6854000882506017 0.8700965352749183 0.7438596061156912 0.888157230730605 0.7654714807244094
0 0.8383327165062917 0.582693077453357 0.8289415247964471 0.5585097511619116 0.7952553663952627 0.5880273077008608 0.8046465581051074 0.6122106339923061
0 0.9996428571428572 0.7982832618025754 0.9817857142857143 0.7982832618025754 0.9817857142857143 0.8283261802575109 0.9996428571428572 0.8283261802575109
0 0.9785203145478377 0.8190573689805882 0.9470235910878114 0.768787652084892 0.9156415465268677 0.8131550970587077 0.9471382699868941 0.863424813954404
0 0.9161813186813187 0.8371574777154177 0.8814391377852917 0.8154125504736269 0.8605600169061708 0.8906849175914875 0.8953021978021978 0.9124298448332784
0 0.8822134888438133 0.9612520566906652 0.8613731527093598 0.9562028266982391 0.8579755867864389 0.987845393448189 0.8788159229208925 0.9928946234406152
0 0.7530310924369746 0.6605642514516538 0.727205882352941 0.612818732643272 0.7116361344537814 0.6318215097197679 0.737461344537815 0.6795670285281497
0 0.8123040380047504 0.47473825859133695 0.7966983372921611 0.44962178748738446 0.784355276552426 0.46692679396083303 0.799960977265015 0.4920432650647855
0 0.9975 0.502145922746781 0.9857857142857144 0.46695278969957094 0.9560714285714286 0.48927038626609454 0.9677857142857144 0.5244635193133047
0 0.7196428571428571 0.39753218884120184 0.7110714285714286 0.39753218884120184 0.7110714285714286 0.41791845493562246 0.7196428571428571 0.41791845493562246
0 0.6078935653581546 0.3939288015659766 0.5784307972480778 0.37310180062979503 0.5660390530149738 0.41265699279018614 0.5955018211250506 0.4334839937263677
0 0.5357928571428571 0.42035407725321894 0.5315928571428572 0.3761909871244636 0.512292857142857 0.3803326180257512 0.5164928571428571 0.4244957081545065
0 0.6108770250368188 0.6207214282553869 0.6099138438880707 0.5888909782752976 0.584139175257732 0.5906508561568072 0.5851023564064802 0.6224813061368965
0 0.6463428571428572 0.7020815450643778 0.6231571428571429 0.6556437768240345 0.5773857142857144 0.7072103004291846 0.6005714285714288 0.753648068669528
0 0.6604057868736767 0.7294721363213704 0.6152742211916524 0.708757242678572 0.589565228349632 0.8351455804895188 0.6346967940316564 0.8558604741323173
0 0.6632577265672448 0.8628230034403693 0.6619501990687631 0.8202675662580255 0.6218871887441797 0.8230451272247348 0.6231947162426614 0.8656005644070788
0 0.4864841197229121 0.674123568239558 0.4555028754411189 0.6329038870062708 0.3979020716246243 0.7305931915545276 0.42888331590641754 0.7718128727878147
0 0.5149175824175825 0.5435374711125783 0.47947802197802203 0.4636843842852426 0.44329670329670334 0.4999174645097392 0.47873626373626377 0.5797705513370749
0 0.444037456445993 0.3475020935831676 0.4421341463414634 0.32177064796399035 0.4228092334494773 0.32499607453156076 0.4247125435540069 0.350727520150738
0 0.42259447869203964 0.4166784095209721 0.41869203966764934 0.39825487764616846 0.39507638702760645 0.40954210920451906 0.39897882605199664 0.42796564107932267
0 0.4689075630252101 0.4918265589497603 0.45730042016806716 0.48136518555920227 0.443813025210084 0.5151319111335522 0.4554201680672269 0.5255932845241101
0 0.4584095913936766 0.4801505298875563 0.4474834641575406 0.4714003497600897 0.4351697393732087 0.5060950348321844 0.44609586660934475 0.514845214959651
0 0.3741672473867596 0.4406573851146237 0.36146167247386757 0.43184863393698314 0.3507160278745644 0.4668219407515964 0.36342160278745644 0.47563069192923696
0 0.36839268691270605 0.48347803139716156 0.35567853738254124 0.480493889541235 0.35218371237913665 0.5140922071705325 0.3648978619093014 0.517076349026459
0 0.39671218487394955 0.5304058318606413 0.3765441176470587 0.512228603887907 0.3641911764705882 0.5431551375915173 0.384359243697479 0.5613323655642516
0 0.3206092879723017 0.6426134128086037 0.29820976968237245 0.6347623656254382 0.28887362637362635 0.6948662925057776 0.3112731446635556 0.7027173396889431
0 0.39714285714285724 0.747854077253219 0.3843436293436295 0.7446496926110662 0.38189189189189204 0.7667468971117041 0.3946911196911198 0.769951281753857
0 0.48385714285714293 0.6521459227467812 0.4775 0.6330472103004292 0.46492857142857147 0.642489270386266 0.47128571428571425 0.6615879828326181
0 0.9620331745686891 0.7198844716007853 0.9588185398769156 0.7108745110499995 0.9460393732581392 0.721162619107192 0.9492540079499129 0.7301725796579777
0 0.8592962529274002 0.7124868078519665 0.8316803278688523 0.6943379300640259 0.8238852459016393 0.7211021599943714 0.8515011709601873 0.739251037782312
0 0.3989754098360656 0.9219112784070922 0.3773009367681499 0.8947794272848801 0.345480093676815 0.9521388869344967 0.3671545667447307 0.9792707380567088
0 0.30321428571428577 0.9844420600858369 0.2846428571428572 0.9844420600858369 0.2846428571428572 0.9994635193133047 0.30321428571428577 0.9994635193133047
0 0.32035714285714295 0.8567596566523605 0.3039285714285715 0.8567596566523605 0.3039285714285715 0.8953862660944206 0.32035714285714295 0.8953862660944206
0 0.3116596638655462 0.8619035597071446 0.30684873949579833 0.8329967180005049 0.29222689075630254 0.8384877556172684 0.2970378151260504 0.8673945973239081
0 0.012857142857142893 0.43240343347639487 3.525233286117024e-17 0.43240343347639487 3.645511096747567e-17 0.4619098712446352 0.012857142857142893 0.4619098712446352
0 0.057743988684582755 0.4838152806696978 0.05585572842998587 0.4554508562444228 0.031633663366336634 0.45908936387200955 0.03352192362093352 0.48745378829728464
0 0.07865714285714286 0.5100214592274678 0.07592142857142857 0.4812553648068669 0.05372142857142856 0.486019313304721 0.056457142857142845 0.5147854077253219
0 0.12071711456859972 0.4761377639909915 0.11409759547383311 0.4500361194917776 0.09329066478076381 0.46194280372243235 0.09991018387553043 0.4880444482216463
0 0.19948768472906406 0.5121318632529229 0.18374876847290642 0.4911166198016872 0.168320197044335 0.5171895811750777 0.18405911330049263 0.5382048246263135
0 0.2504470068926447 0.47744054389851626 0.25014283353790956 0.42124027384981105 0.19937383155509397 0.4218602937630664 0.19967800490982915 0.47806056381177164
0 0.18764418363227406 0.4252154152971284 0.1829629015514159 0.40828660154104457 0.148460118807313 0.42981524445499447 0.15314140088817116 0.4467440582110784
0 0.025357142857142908 0.5836909871244635 4.758627562401143e-17 0.5836909871244635 4.867971026610729e-17 0.6105150214592274 0.025357142857142908 0.6105150214592274
0 0.12967385444743937 0.5509676896914731 0.11818463611859839 0.532140254271601 0.09397439353099732 0.5654769616973035 0.10546361185983831 0.5843043971171755
0 0.22686573799644338 0.5763627945078624 0.22159602845287493 0.5466782718643705 0.19763337285121516 0.5562770466404288 0.2029030823947836 0.5859615692839206
0 0.2605280898876405 0.6188443362106382 0.2590369181380418 0.5953247817910016 0.24322792937399684 0.5975864396971596 0.24471910112359557 0.6211059941167962
0 0.32214285714285723 0.5504291845493562 0.2639285714285715 0.5504291845493562 0.2639285714285715 0.630901287553648 0.32214285714285723 0.630901287553648
0 0.2089430746918057 0.6982663776388315 0.19552302393038434 0.6807953530424173 0.1813587744742567 0.705345471776214 0.19477882523567805 0.7228164963726281
0 0.15914305086622027 0.7361094944402224 0.13835238279736542 0.7304879833314764 0.13476448774007863 0.7604298829511801 0.15555515580893348 0.7660513940599262
0 0.13635714285714287 0.6086909871244636 0.13050000000000003 0.5910944206008585 0.10692857142857141 0.6087982832618026 0.11278571428571427 0.6263948497854078
0 0.13464285714285718 0.6180257510729614 0.11821428571428576 0.6180257510729614 0.11821428571428576 0.6421673819742489 0.13464285714285718 0.6421673819742489
0 0.11340865992414666 0.748478388848798 0.11255689001264224 0.7292861483535266 0.09143647281921619 0.731401211591781 0.0922882427307206 0.7505934520870523
0 0.08785714285714291 0.8127682403433476 0.06642857142857149 0.8127682403433476 0.06642857142857149 0.8331545064377682 0.08785714285714291 0.8331545064377682
0 0.010357142857142922 0.8004291845493562 6.527804813312231e-17 0.8004291845493562 6.63058766966924e-17 0.8256437768240343 0.010357142857142924 0.8256437768240343
0 0.17010677795570167 0.863335097299854 0.14617526605920614 0.808431745777656 0.11827624810463815 0.835871767013372 0.1422077600011337 0.89077511853557
0 0.12839413656967402 0.8621766289903839 0.1104894721450505 0.8587062523886294 0.1083619681239948 0.8834738689427651 0.1262666325486183 0.8869442455445196
0 0.09983796740172587 0.9038828239767263 0.07709204218600194 0.8853753204481954 0.047321668264621336 0.9679342973183166 0.07006759348034527 0.9864418008468474
0 0.1014285714285715 0.9774678111587983 0.08250000000000009 0.9774678111587983 0.08250000000000009 0.9994635193133047 0.1014285714285715 0.9994635193133047
0 0.24204628175619 0.8972864142829723 0.18718971970658466 0.8792319205766235 0.1717955127239874 0.9847738040382511 0.22665207477359267 1.0028282977446
0 0.21260345704117956 0.7789951583095323 0.19631367564819527 0.7750271104119255 0.1936903914590748 0.7993272035801019 0.20998017285205905 0.8032952514777085
0 0.31332634570471884 0.6962377033174098 0.2873598722530179 0.6929414696083744 0.283963040603281 0.753321488561137 0.3099295140549819 0.7566177222701724
0 0.2851761252446185 0.9059468516667648 0.2744911937377692 0.8999279793050738 0.27017612524461854 0.9172129460873658 0.28086105675146783 0.9232318184490567
0 0.9791201366201366 0.9348861902509973 0.953364270864271 0.8986151883147595 0.9368918918918919 0.9250086996868117 0.9626477576477576 0.9612797016230495