0 0.9955226480836237 0.7071731393279597 0.9945688153310104 0.6942779755050771 0.9791245644599301 0.6968556997801738 0.9800783972125435 0.7097508636030566
0 0.7164370515872072 0.3127652820679856 0.6469518201357504 0.22500885952466243 0.6152147373103211 0.28171170453888206 0.6846999687617779 0.3694681270822052
0 0.9409852216748769 0.23116767796359355 0.9199166350890489 0.2094096151000104 0.9052444107616521 0.24146753793786513 0.9263129973474803 0.26322560080144825
0 0.946464613368283 0.31133598456510614 0.9350425950196593 0.279471984880104 0.9110615989515072 0.2988689609008939 0.922483617300131 0.330732960585896
0 0.9478034179287762 0.36156569352042034 0.9257613589848547 0.34285112584084526 0.9131232091690544 0.3764388135322259 0.935165268112976 0.395153381211801
0 0.9344230769230769 0.485556289204358 0.9158516483516483 0.4437107956421261 0.8898901098901099 0.4697094750742819 0.9084615384615384 0.5115549686365137
0 0.9371602787456444 0.6762011933424054 0.9246376306620208 0.6354443630273213 0.905794425087108 0.6485083219930913 0.9183170731707314 0.6892651523081753
0 0.8950420168067227 0.7030737187578896 0.8847899159663866 0.6992236808886647 0.882247899159664 0.7144976016157537 0.8925 0.7183476394849788
0 0.20430295566502463 0.39891593902619515 0.20005665024630542 0.3223730945685956 0.13973152709359604 0.32992452271718226 0.14397783251231525 0.40646736717478177
0 0.10366477665606415 0.32231115672091376 0.07301981053796157 0.28416935339795346 0.05816588300373394 0.31109855456626606 0.08881084912183651 0.34924035788922636
0 0.09321428571428571 0.1604077253218884 0.062142857142857166 0.1604077253218884 0.062142857142857166 0.19098712446351931 0.09321428571428571 0.19098712446351931
0 0.3292857142857143 5.538504569105251e-17 0.2689285714285714 4.983340113483194e-17 0.2689285714285714 0.05364806866952795 0.3292857142857143 0.05364806866952796
0 0.2357142857142857 0.22263948497854083 0.205 0.22263948497854083 0.205 0.27306866952789705 0.2357142857142857 0.27306866952789705
0 0.23417142857142856 0.3035193133047211 0.21512999999999996 0.26220386266094425 0.18914857142857142 0.28922317596566527 0.20819000000000001 0.3305386266094421
0 0.30653098955276437 0.3447595931739554 0.2663299683061392 0.3135916963193104 0.2514643737527879 0.35685663754888713 0.291665394999413 0.3880245344035322
0 0.24301032053999413 0.4611175795206182 0.1923638601754329 0.4224336605690002 0.1742711220530212 0.4758835950794154 0.2249175824175824 0.5145675140310334
0 0.18500000000000005 0.4876609442060086 0.16107142857142862 0.4876609442060086 0.16107142857142862 0.5177038626609443 0.18500000000000008 0.5177038626609443
0 0.12772648083623694 0.45048675808646493 0.10551393728222995 0.42379357269967544 0.07882404181184664 0.47390871977389304 0.10103658536585362 0.5006019051606825
0 0.06802943760984184 0.4275689787821417 0.06416300527240774 0.4001886639462351 0.04385387898568919 0.40665990330147767 0.047720311323123286 0.4340402181373843
0 0.04250000000000003 0.34817596566523606 2.845116938733405e-17 0.34817596566523606 3.050682651447424e-17 0.39860515021459225 0.04250000000000003 0.39860515021459225
0 0.0514346309217775 0.5419789931264275 0.02547934263679768 0.507967634630449 0.015327212633125283 0.5254493198142041 0.041282500918105106 0.5594606783101824
0 0.12892857142857148 0.5515021459227468 0.08964285714285718 0.5515021459227468 0.08964285714285718 0.5917381974248928 0.12892857142857148 0.5917381974248928
0 0.06571428571428577 0.6164163090128756 0.03571428571428577 0.6164163090128756 0.03571428571428577 0.6502145922746781 0.06571428571428578 0.6502145922746781
0 0.11798960138648179 0.6796680328173699 0.1168890814558059 0.6399926361749765 0.07563629611289922 0.6425746238126762 0.07673681604357514 0.6822500204550696
0 0.07720121851152868 0.7063526277384858 0.07672253220644949 0.6639282835329703 0.04512144087962583 0.6647328504904438 0.04560012718470501 0.7071571946959594
0 0.06785714285714292 0.6534334763948498 0.05142857142857149 0.6534334763948498 0.05142857142857149 0.6663090128755365 0.06785714285714292 0.6663090128755365
0 0.04461382605540099 0.7200897253727655 0.0428628885932019 0.7022046130979421 0.022977803314382494 0.7065973042413319 0.024728740776581593 0.7244824165161553
0 0.06442362093352198 0.7715335911273531 0.035498585572843064 0.767188628734118 0.03330268741159837 0.8001742234309267 0.06222772277227729 0.8045191858241618
0 0.13964285714285724 0.7854077253218884 0.09107142857142864 0.7854077253218884 0.09107142857142864 0.8363733905579399 0.13964285714285724 0.8363733905579399
0 0.10232289628180045 0.8375595273090717 0.09242563600782785 0.8191942501028867 0.0730181017612525 0.8427942559821271 0.0829153620352251 0.8611595331883122
0 0.09785714285714293 0.9774678111587983 0.07285714285714294 0.9774678111587983 0.07285714285714294 0.9994635193133047 0.09785714285714293 0.9994635193133047
0 0.2935293671845396 0.7469720859279835 0.26262106858658585 0.7213140788470077 0.24836112163698373 0.7600750219145956 0.27926942023493745 0.7857330289955715
0 0.33751291881980333 0.7550899935396959 0.3119644940823471 0.7497965504980445 0.30749374895815973 0.7984854593075956 0.333042173695616 0.8037789023492471
0 0.3950438005390836 0.686062636650741 0.3862500000000001 0.662285407725322 0.359383423180593 0.6847062515183417 0.36817722371967654 0.7084834804437606
0 0.39107142857142857 0.5488197424892705 0.3820903361344538 0.5263348901792477 0.3615021008403361 0.5448908104014138 0.3704831932773109 0.5673756627114366
0 0.5211404720060255 0.21211069793403087 0.517692317348732 0.166357286708856 0.4832882249560632 0.1722078490235863 0.48673637961335675 0.21796126024876117
0 0.5429768907563025 0.0942912143398133 0.5024432773109243 0.055544685685433075 0.45470798319327727 0.1682245645039132 0.4952415966386554 0.20697109315829343
0 0.580453508030431 0.08203456332376771 0.556528740490279 0.050733296086548 0.5340762890955199 0.08945672600756789 0.558001056635672 0.1207579932447876
0 0.6209049509574965 0.08781569921399703 0.594316907986922 0.08347449048116391 0.5923260158804298 0.11098810671680848 0.6189140588510043 0.11532931544964159
0 0.6992651781046972 0.12127632485209636 0.6593269733403032 0.11011483435001995 0.6518592711522664 0.17040931821802047 0.6917974759166604 0.18157080872009687
0 0.8676072581885284 0.17559261192754236 0.8358376902967861 0.13409476247014426 0.8201679993848993 0.16116364913123638 0.8519375672766414 0.20266149858863444
0 0.7669823824948766 0.21569279244031453 0.7306162821445098 0.19706988697411998 0.7241683744298275 0.22548126860676898 0.7605344747801942 0.2441041740729635
0 0.6976903317652884 0.20455487909194384 0.6771252166377817 0.1761344195595096 0.657635862837336 0.20795599928593225 0.6782009779648428 0.23637645881836652
0 0.6021567038464485 0.16246249331915255 0.5624453789019629 0.15359527367895595 0.5593261058219965 0.1851166052322636 0.5990374307664822 0.19398382487246013
0 0.6270438393888248 0.17488846234350713 0.537692451680859 0.14778658467540096 0.527829921699514 0.22115590642503427 0.6171813094074798 0.24825778409314045
0 0.6320404680643589 0.2674694956715349 0.6086378595806924 0.2397162328436041 0.5901255485129205 0.2749399434589639 0.6135281569965871 0.30269320628689467
0 0.50342175066313 0.3655240719026423 0.49745594922319064 0.31713194863446464 0.461186528988253 0.3272212008060018 0.46715233042819243 0.3756133240741795
0 0.3951828571428571 0.37114592274678126 0.38717857142857137 0.3628218884120173 0.3704128571428571 0.3991995708154507 0.37841714285714284 0.40752360515021474
0 0.421792345585449 0.29383061440557373 0.41488063660477453 0.2866927175237077 0.4034075407351269 0.3117607381518881 0.41031924971580136 0.3188986350337542
0 0.4649104613516794 0.1690073739498353 0.45595659651962755 0.16416536979173 0.44709227033589627 0.20115290155503412 0.4560461351679481 0.20599490571313944
0 0.3642515592515593 0.44563141880738455 0.3572720522720523 0.4409135117289625 0.34742871992871993 0.4737715596084696 0.35440822690822693 0.4784894666868916
0 0.3713928571428572 0.42183476394849795 0.36453571428571435 0.4184012875536482 0.3590714285714286 0.4430257510729615 0.3659285714285715 0.44645922746781125
0 0.255807240704501 0.571873713916162 0.249924168297456 0.5524318008113354 0.2271599804305284 0.567975042624493 0.2330430528375734 0.5874169557293197
0 0.28678571428571437 0.9366952789699571 0.2789285714285715 0.9366952789699571 0.2789285714285715 0.9484978540772532 0.28678571428571437 0.9484978540772532
0 0.3196648351648352 0.9769891053152857 0.3113571428571429 0.9551502145922749 0.2989725274725275 0.9657807857378674 0.3072802197802198 0.9876196764608783
0 0.3097500000000001 0.5950107296137341 0.3032142857142857 0.5917381974248929 0.2986428571428571 0.6123390557939915 0.30517857142857147 0.6156115879828328
0 0.3153280542986425 0.533706037713864 0.30001131221719457 0.5254889014040744 0.2950824175824176 0.5462198745460549 0.3103991596638655 0.5544370108558445
0 0.5093250327653996 0.7206904358782533 0.5058158584534731 0.7031194629286923 0.4884174311926605 0.7109599559003031 0.49192660550458706 0.728530928849864
0 0.552960591133005 0.7114140890927927 0.5464581280788178 0.7004254846825515 0.5390985221674877 0.7102523309160871 0.5456009852216749 0.7212409353263283
0 0.5775337145501421 0.5778557356016629 0.5352120380776096 0.556183008184496 0.5276262642956304 0.5896081630464358 0.5699479407681628 0.6112808904636028
0 0.4376648351648352 0.4284829976890064 0.43162087912087915 0.4148646417959723 0.42379120879120885 0.4227055133707494 0.4298351648351649 0.43632386926378347
0 0.4939008509541 0.43231918470429653 0.49143824136152653 0.4153028694938101 0.47669997421351207 0.42011570164701506 0.4791625838060856 0.43713201685750147
0 0.5440777310924371 0.42090696793738963 0.5322247899159664 0.41953736430194405 0.5315042016806724 0.4336089371370867 0.543357142857143 0.43497854077253234
0 0.7417857142857143 0.2623390557939915 0.7092857142857143 0.2623390557939915 0.7092857142857143 0.3138412017167383 0.7417857142857143 0.3138412017167383
0 0.8261154598825834 0.29274207772355826 0.7964090019569473 0.2760082897289672 0.7898630136986302 0.3022297019225118 0.8195694716242662 0.3189634899171029
0 0.8919249753208293 0.4182118510860954 0.8915376886193768 0.39203259980765076 0.859418629248343 0.3931047667871321 0.8598059159497955 0.4192840180655767
0 0.8428571428571429 0.49409871244635206 0.8178571428571428 0.49409871244635206 0.8178571428571428 0.5187768240343349 0.8428571428571429 0.5187768240343349
0 0.795958312150483 0.4741343760023216 0.7912239450940519 0.45137690345638665 0.7529117946110828 0.4693614161562782 0.757646161667514 0.49211888870221315
0 0.8206274131274133 0.4037234659552256 0.8184555984555986 0.3841491706298573 0.7727027027027027 0.39560375826470245 0.7748745173745174 0.41517805359007076
0 0.8317324850451182 0.36446723546057386 0.8130312785156647 0.3393851451581952 0.8004843860894253 0.3604940800555595 0.8191855926188789 0.3855761703579381
0 0.7875 0.5681330472103007 0.7696428571428572 0.5681330472103007 0.7696428571428572 0.5826180257510732 0.7875 0.5826180257510732
0 0.8334168182454177 0.5847145565443288 0.8061641248076116 0.5697041316894572 0.7934164684483 0.6219282408477762 0.8206691618861062 0.636938665702648
0 0.8659474254932141 0.6375300555291665 0.857304113614104 0.6095129953382404 0.8213566881208898 0.6345365878777437 0.83 0.6625536480686698
0 0.8776778050275905 0.6648653502551162 0.867058553034948 0.6389438928696421 0.8347777437155122 0.6687841920094311 0.8453969957081546 0.6947056493949051
0 0.8160714285714286 0.6459227467811162 0.7932142857142858 0.6459227467811162 0.7932142857142858 0.6722103004291848 0.8160714285714286 0.6722103004291848
0 0.8308575054387235 0.7841277967800268 0.829773386511965 0.7613287292215857 0.8099510514865845 0.7634555892028496 0.811035170413343 0.7862546567612907
0 0.7051611403780601 0.4713826538687126 0.6888278586922839 0.4637683520616688 0.6733944065695693 0.5384700874195862 0.6897276882553455 0.54608438922663
0 0.7289229431027426 0.6076412373796379 0.7038093532541957 0.5863188201729037 0.6964127097830537 0.6059764563375434 0.7215262996316006 0.6272988735442776
0 0.7482142857142857 0.7339055793991419 0.7325 0.7103004291845496 0.7230357142857143 0.7245171673819744 0.73875 0.7481223175965667
0 0.7797105911330048 0.8295193873020573 0.7672746305418718 0.8074422820778454 0.7506564039408866 0.8285648216664202 0.7630923645320197 0.8506419268906321
0 0.8324349442379183 0.8647729629688721 0.830108868826341 0.8379848269700207 0.7949767657992566 0.8448683328812802 0.7973028412108338 0.8716564688801315
0 0.840465237302248 0.8926129602298513 0.8401812477697156 0.8717098680284312 0.8004528963958606 0.8729277819270779 0.8007368859283931 0.893830874128498
0 0.802268907563025 0.8966801312799796 0.7975 0.8680257510729614 0.7687605042016806 0.8788184801817722 0.7735294117647059 0.9074728603887905
0 0.6433095037846931 0.8165344340286678 0.5833104049020786 0.7892231001635162 0.5688384596900157 0.8609617126954162 0.6288375585726301 0.8882730465605677
0 0.5841991211442358 0.6724005601660826 0.57551008099259 0.6675664097081648 0.5655841805962434 0.7078238168950647 0.5742732207478891 0.7126579673529824
0 0.6397617970265029 0.6107330122540929 0.605078539107951 0.6007413629036957 0.6018812540400776 0.625784475559785 0.6365645119586297 0.6357761249101821
0 0.6131416157107198 0.49132966467898836 0.6126917946618418 0.42105719180704665 0.6042516409355644 0.42117909894653976 0.6047014619844425 0.4914515718184815
0 0.7013002033553634 0.640584668489301 0.6898106253177426 0.5853557955187635 0.6727897813929841 0.5933457303010402 0.6842793594306048 0.6485746032715777
0 0.6039050036258158 0.3449162327618135 0.5992603335750544 0.34441787760615244 0.5984263959390863 0.36195562188187635 0.6030710659898476 0.36245397703753746
0 0.6063596514391337 0.39722894338095904 0.5819891734882491 0.3686568348234475 0.567332717190388 0.39686500916281275 0.5917031951412727 0.4254371177203243
0 0.5723292682926829 0.46292787605987656 0.5500365853658538 0.4557521197529573 0.5465714285714286 0.48004291845493585 0.5688641114982579 0.4872186747618551
0 0.5434433962264151 0.47169811320754723 0.5333760107816712 0.463296623208357 0.5289791105121294 0.4751852376710666 0.5390464959568734 0.4835867276702568
0 0.5533449477351916 0.5111090756830315 0.5185258643795229 0.49446710256141857 0.5143185473063522 0.5143299728639413 0.5491376306620209 0.5309719459855543
0 0.6025 0.5042918454935623 0.5664285714285714 0.5042918454935623 0.5664285714285714 0.5182403433476396 0.6025 0.5182403433476396
0 0.6096428571428572 0.5321888412017168 0.6039285714285715 0.5321888412017168 0.6039285714285715 0.5536480686695279 0.6096428571428572 0.5536480686695279
0 0.5898348472336912 0.5391661911731873 0.5755573905862924 0.5358666798977897 0.57378612716763 0.5531612046937409 0.5880635838150289 0.5564607159691385
0 0.4682142857142857 0.5547210300429185 0.4382142857142857 0.5547210300429185 0.4382142857142857 0.615343347639485 0.4682142857142857 0.615343347639485
0 0.5443021978021979 0.8485143611753055 0.5335329670329672 0.8464922416639156 0.532291208791209 0.8614146583030704 0.5430604395604397 0.8634367778144604
0 0.5238641686182671 0.8910856258355028 0.5177166276346605 0.8800042214873708 0.5091803278688526 0.8906898613944981 0.5153278688524591 0.9017712657426301
0 0.5225758310449474 0.9539248480133788 0.5097740201995851 0.9532309274001065 0.5094342724516566 0.9673739570090644 0.522236083297019 0.9680678776223367
0 0.4437634660421546 0.691783930204742 0.43629683840749417 0.6631209104341096 0.41204449648711944 0.6773763455990993 0.4195111241217799 0.7060393653697318
0 0.4593701181331096 0.7322672890779999 0.42902233554967406 0.730327425338761 0.4278532696404364 0.7715959536798744 0.458201052223872 0.7735358174191134
0 0.4359507389162563 0.797239899363623 0.4148472906403942 0.7945981944649994 0.4137832512315272 0.8137783039810568 0.4348866995073893 0.8164200088796805
0 0.42309289415247975 0.9537186728635283 0.4213934122871948 0.9141491916653695 0.3782435233160622 0.9183309613289155 0.37994300518134716 0.9579004425270742
0 0.3023227320125131 0.6156840324551237 0.29776720542231494 0.6124906017981894 0.29313216892596455 0.6274102471727077 0.2976876955161627 0.6306036778296419
0 0.20678571428571438 0.8819742489270386 0.1832142857142858 0.8819742489270386 0.1832142857142858 0.9104077253218884 0.20678571428571438 0.9104077253218884
0 0.03751836271727882 0.827150059986242 0.03145256421880138 0.8203188358332807 0.02343790399845513 0.8363771076574587 0.029503702496932564 0.8432083318104198
0 0.45616850431447753 0.9707834058242361 0.45451462128475556 0.9567052884753867 0.4431459731543624 0.9597189417288361 0.44479985618408435 0.9737970590776854