0 0.4190483619344773 0.05973515764664923 0.41182527301092037 -0.00807817720434139 0.3466787385781145 0.007579358968350165 0.35390182750167143 0.07539269381934079
0 0.3611372863752243 0.14438953958397754 0.3102251912000756 0.07064347897619776 0.24932159380606175 0.16551794320467259 0.30023368898121044 0.23926400381245239
0 0.2585406127538297 0.2626210760652018 0.23172337014606342 0.1708644162126872 0.1392579266120413 0.23184340650519625 0.1660751692198076 0.3236000663577109
0 0.3196561636759719 0.3874674198256139 0.2820542592135109 0.29003330042985936 0.24521975430637594 0.3221091273067574 0.2828216587688369 0.4195432467025119
0 0.39294401544401547 0.4213838301821135 0.38712355212355215 0.36892471871012655 0.3022779922779923 0.3901664540076558 0.3080984555984556 0.4426255654796428
0 0.4893062528525786 0.10055670583718417 0.47699452304883605 0.083485307627967 0.4549361022364217 0.11938152175403481 0.46724783204016423 0.13645291996325198
0 0.45877832655432893 0.12767398682770031 0.395982609778368 0.10173369609943322 0.3908236490412551 0.12991373914257862 0.45361936581721596 0.1558540298708457
0 0.4928571428571429 8.708526460674982e-17 0.45035714285714284 8.317611843994363e-17 0.45035714285714284 0.03433476394849794 0.4928571428571429 0.034334763948497944
0 0.5848229748752294 0.0856800825818225 0.5802275732628077 0.06458769320673519 0.5461033144222156 0.08136356762700286 0.5506987160346372 0.10245595700209018
0 0.7548385518590998 0.167271738491387 0.7088698630136985 -0.016866070903639244 0.6386154598825831 0.022708566053265912 0.6845841487279842 0.20684637544829215
0 0.4438632404181184 0.4851682717470952 0.44170296167247386 0.455962786559196 0.40869773519163766 0.4614715272689207 0.4108580139372823 0.49067701245682
0 0.24907816873250702 0.4828259254238219 0.18778177300508372 0.41062986822438413 0.16925578340092537 0.44612159428074266 0.23055217912834863 0.5183176514801805
0 0.1434338407494145 0.39364929993667774 0.14111241217798595 0.3552909308379652 0.11496487119437938 0.35886160557236335 0.11728629976580796 0.3972199746710759
0 0.6385199377320081 0.23541653925437736 0.5911579451562686 0.2065140357377982 0.5505553227158424 0.3566458849727848 0.5979173152915819 0.38554838848936396
0 0.8575000000000002 0.1582618025751073 0.8460714285714287 0.12392703862660932 0.8126428571428572 0.14903433476394848 0.8240714285714286 0.18336909871244644
0 0.913039007393558 0.32216447138301607 0.8879094076655052 0.31367109808437155 0.8846129004844056 0.3356792528461243 0.9097425002124584 0.34417262614476885
0 0.8836785714285715 0.3207618025751072 0.8771071428571429 0.2911480686695279 0.8525714285714285 0.3034334763948498 0.8591428571428571 0.3330472103004291
0 1.0070894547093285 0.09289374636140854 0.9968657052726453 0.06037184711823561 0.9655624155024787 0.08257673196951032 0.9757861649391618 0.11509863121268325
0 0.9996428571428572 0.1142703862660946 0.9875 0.1142703862660946 0.9875 0.14324034334763966 0.9996428571428572 0.14324034334763966
0 0.9912184873949579 0.29648447361777336 0.978140756302521 0.28469767735420354 0.9661659663865545 0.3146774804342339 0.9792436974789914 0.3264642766978037
0 0.9846822221402757 0.26062838312420644 0.9800589092115937 0.24479403240708947 0.9513886532930158 0.2636830271580538 0.9560119662216977 0.2795173778751708
0 0.6832905937405865 0.5357093957494723 0.6032479926457603 0.4308638942295542 0.5622134910824652 0.5015517488341992 0.6422560921772913 0.6063972503541172
0 0.5978448215351139 0.5595010422709049 0.5232259176439327 0.5152368008767759 0.5048078600759085 0.5852957973715102 0.5794267639670897 0.6295600387656393
0 0.8554727326615292 0.518086745142735 0.8487566686425607 0.480254839456485 0.8167471843509188 0.4930769504745962 0.8234632483698873 0.5309088561608462
0 0.7970677905308465 0.43092522521413057 0.7937628100020496 0.39418745882106637 0.765741699118672 0.39987553955948546 0.7690466796474688 0.4366133059525496
0 0.8196487894734855 0.5202467089423639 0.817329108945403 0.4941051299452911 0.7931035900668496 0.4989557102077317 0.7954232705949321 0.5250972892048045
0 0.7881185567010308 0.5730166806778463 0.7054749631811489 0.5178421308791648 0.694517673048601 0.5548758904473255 0.777161266568483 0.6100504402460069
0 0.6759467455621302 0.6488400589176423 0.6052958579881657 0.6046200827894457 0.5953423499577346 0.6405039744013005 0.665993237531699 0.684723950529497
0 0.7399733076254374 0.7184490928462324 0.6475590129951185 0.6704459996906177 0.6345674052114215 0.7268821105245643 0.7269816998417404 0.7748852036801789
0 0.5900043936731107 0.7923508602547953 0.5634710017574692 0.7838963394857328 0.559072934973638 0.8150414476115768 0.5856063268892794 0.8234959683806393
0 0.5731932773109244 0.6849596061600606 0.567310924369748 0.6496149962130774 0.5249579831932774 0.6655200706892199 0.5308403361344538 0.700864680636203
0 0.5488214285714285 0.7794527896995709 0.508107142857143 0.7590665236051503 0.5036785714285715 0.7790236051502146 0.5443928571428571 0.7994098712446351
0 0.48892857142857143 0.7328326180257513 0.475 0.7119098712446355 0.46035714285714285 0.7339055793991419 0.4742857142857143 0.7548283261802577
0 0.46674242623295414 0.6890344018610363 0.39606361176068733 0.6490283552293497 0.38823129877295776 0.6802515903983276 0.45891011324522457 0.7202576370300144
0 0.4205381683797205 0.7002404404953142 0.39475877699503403 0.6777262499956629 0.3899335951033606 0.6901930289604156 0.4157129864880471 0.712707219460067
0 0.43535714285714283 0.716738197424893 0.4244787644787646 0.7050661176197659 0.41977316602316606 0.714962011367591 0.4306515444015444 0.7266340911727179
0 0.5216379310344827 0.6410759212668342 0.5205738916256157 0.6139040994524195 0.5021711822660098 0.615530190913127 0.5032352216748768 0.6427020127275418
0 0.43945144268663416 0.6537847299017383 0.43694499590065156 0.6161243596823833 0.39654494626896 0.6221914442550358 0.3990513930549425 0.6598518144743908
0 0.4639285714285714 0.6523605150214594 0.4475 0.6276824034334766 0.42660714285714285 0.6590665236051505 0.4430357142857143 0.6837446351931333
0 0.40243424445590514 0.618000573279001 0.3732104177411037 0.5897801397561241 0.3590420319752449 0.6228870020607058 0.3882658586900464 0.6511074355835826
0 0.44776908756312583 0.5620933804262016 0.3628003295386459 0.5067044013916997 0.34884736369083286 0.5550021279221964 0.43381612171531286 0.6103911069566983
0 0.3409087912087912 0.5873407065037966 0.34008021978021974 0.5649372730274017 0.3217637362637363 0.566465830307032 0.3225923076923077 0.5888692637834269
0 0.916062071116656 0.4328344921940891 0.8855723643169056 0.3978109713814498 0.8705388334373049 0.4273420076091237 0.9010285402370554 0.46236552842176304
0 0.9058361282105709 0.542496125860123 0.8780672893228614 0.5417769388236646 0.8776879643387817 0.5748254245610902 0.9054568032264912 0.5755446115975487
0 1.0078545359749738 0.6323658406691526 0.9851746611053178 0.6164672159393508 0.9764794056308653 0.644456235706902 0.9991592805005213 0.6603548604367038
0 0.9590276431886571 0.7918295964194272 0.9280949405824451 0.7728641135216884 0.919921839139083 0.8029432314945767 0.9508545417452949 0.8219087143923156
0 0.9197247386759582 0.7525410865696641 0.911560975609756 0.6953129906835549 0.8667073170731708 0.7097508636030565 0.874871080139373 0.7669789594891657
0 0.9327684441197954 0.6470266664994657 0.9096859021183347 0.635138662035194 0.9064363977877493 0.64937558193851 0.9295189397892102 0.6612635864027817
0 0.856896551724138 0.6790365546840315 0.8413177339901479 0.6696758916679 0.8371798029556651 0.6852153322480391 0.8527586206896554 0.6945759952641706
0 0.8381880568874113 0.6491691154010958 0.7477661655735878 0.6342051376067444 0.7420674397623948 0.7119064832661272 0.8324893310762183 0.7268704610604785
0 0.7703867595818819 0.7381686381241498 0.745679442508711 0.7302156390662621 0.7428780487804879 0.7498534491782689 0.7675853658536588 0.7578064482361564
0 0.8506932773109246 0.7903622822519567 0.8220378151260506 0.7796011108305985 0.8184663865546219 0.8010603382984096 0.847121848739496 0.811821509719768
0 0.875453667953668 0.8061274794107414 0.873503861003861 0.7885541120519662 0.8504536679536681 0.7943249043034452 0.852403474903475 0.8118982716622203
0 0.9996428571428572 0.37553648068669554 0.9410714285714286 0.3755364806866955 0.9410714285714286 0.4597639484978542 0.9996428571428572 0.45976394849785424
0 0.35079535841182113 0.598245434936944 0.32571872060233487 0.5838190977805416 0.3197571279115673 0.6072020734036048 0.3448337657210535 0.6216284105600072
0 0.3228601155087481 0.5881659122340562 0.30809198233395624 0.5670383969625371 0.30068583319177855 0.5787197695365726 0.3154539663665704 0.5998472848080918
0 0.31055097327614645 0.5820022499975221 0.29694160343121084 0.5530409658139144 0.28951006268558227 0.5609209130826949 0.30311943253051793 0.5898821972663026